1 1 -0.000488 0.000248 100.000000 518.667774 641.983496 1589.387235 1392.633233 14.623323 21.607327 553.426912 2388.026177 9047.241489 1.311636 47.502495 521.526152 2387.855336 8132.976688 8.422663 0.031311 392.061657 2387.981735 100.005318 38.935716 23.403386
1 2 0.000781 0.000562 100.000000 518.665187 641.910150 1590.584640 1404.151634 14.608868 21.615683 553.029644 2387.482011 9043.125546 1.290842 47.539402 521.685280 2387.762185 8142.336807 8.410378 0.029914 391.746100 2388.028884 100.008186 39.105073 23.435494
1 3 0.001100 0.000444 100.000000 518.657460 641.644657 1588.500095 1402.856632 14.617499 21.633358 553.230212 2387.789225 9050.082368 1.314218 47.487854 521.729745 2388.294269 8137.679863 8.406370 0.029468 393.012896 2387.720264 100.000335 39.076259 23.401220
1 4 0.001247 0.000474 100.000000 518.716428 641.986992 1588.151790 1397.671012 14.611684 21.619523 553.297950 2387.997948 9050.066513 1.292765 47.371951 520.919614 2387.795504 8135.361318 8.424958 0.031193 392.061533 2388.064273 100.001680 39.144779 23.460668
1 5 0.000347 -0.000003 100.000000 518.688068 641.935262 1593.730825 1400.450467 14.639531 21.606411 553.937918 2388.038024 9043.818655 1.288716 47.397345 521.891996 2388.178275 8141.694419 8.397241 0.030711 392.655852 2387.905015 99.993726 39.059815 23.501244
1 6 -0.002310 0.000172 100.000000 518.697236 641.736462 1589.027246 1401.208882 14.607587 21.612199 553.089115 2388.195040 9046.495904 1.322834 47.466126 521.867707 2387.757347 8137.689303 8.424431 0.031746 390.439084 2388.216124 100.005914 39.184684 23.449619
1 7 -0.000096 0.000144 100.000000 518.645036 641.904856 1589.614910 1410.941337 14.613890 21.613204 552.973300 2387.941907 9047.865739 1.308240 47.645215 521.437756 2387.797551 8140.639252 8.426570 0.030492 391.439712 2388.247677 100.000879 39.119986 23.476704
1 8 0.001019 0.000386 100.000000 518.713056 641.924926 1589.372107 1401.519835 14.634828 21.611187 553.591813 2388.263146 9044.075707 1.282734 47.476913 521.512920 2387.902398 8142.755432 8.427676 0.029005 392.678218 2387.984779 99.985170 39.102236 23.409739
1 9 -0.001691 0.000457 100.000000 518.679762 641.727616 1591.531057 1406.155325 14.612873 21.613809 553.428827 2388.480202 9037.408485 1.306953 47.390063 521.406941 2388.407318 8138.407134 8.444209 0.029558 392.530512 2387.928830 99.993093 39.072999 23.396871
1 10 0.000205 -0.000332 100.000000 518.710049 641.838251 1595.628717 1396.164439 14.622925 21.641649 553.159081 2387.730940 9044.067452 1.304725 47.544001 521.817110 2387.978598 8130.488746 8.417650 0.031240 392.665663 2387.638612 99.999649 39.181853 23.516327
1 11 0.000923 0.000393 100.000000 518.645196 641.677189 1590.610748 1403.835989 14.625802 21.605218 553.066417 2387.877444 9041.095128 1.306434 47.097158 521.323017 2388.122976 8146.160064 8.422913 0.031001 391.820996 2387.884119 99.993256 39.194187 23.458711
1 12 0.000775 0.001299 100.000000 518.669353 642.051087 1591.462775 1400.330572 14.643162 21.625066 552.984156 2387.956031 9049.101683 1.307832 47.245733 520.739332 2387.654727 8138.244443 8.421368 0.030345 391.470325 2387.791152 99.979770 39.100335 23.426503
1 13 0.001786 0.000537 100.000000 518.666186 642.241315 1590.200899 1398.255818 14.614794 21.604152 552.746279 2388.070265 9048.289428 1.296377 47.344924 521.520541 2388.382374 8138.841276 8.417524 0.029409 392.190244 2387.786047 99.998747 39.080895 23.499234
1 14 0.001687 0.000610 100.000000 518.655741 642.079480 1587.261853 1403.239803 14.624187 21.602336 553.987814 2388.155475 9037.606358 1.305529 47.394888 521.402413 2388.135153 8140.652663 8.402408 0.028842 393.052624 2388.302241 100.019032 39.222253 23.303223
1 15 0.001339 -0.000275 100.000000 518.702272 641.983337 1587.326494 1411.849505 14.626440 21.591089 553.468040 2387.898772 9047.756477 1.295348 47.666024 520.968014 2388.108481 8147.820942 8.414730 0.030211 392.502002 2387.907060 100.006479 39.087764 23.357812
1 16 0.003324 0.000537 100.000000 518.666658 641.768831 1588.466912 1408.074705 14.618535 21.614594 553.316663 2388.171282 9046.700104 1.307639 47.436518 521.636876 2388.182477 8138.216951 8.414602 0.029060 391.579263 2387.851102 100.008658 39.078272 23.482505
1 17 0.004359 0.000307 100.000000 518.639040 641.840637 1590.663955 1394.597788 14.617495 21.612869 553.226172 2387.897315 9043.566216 1.317867 47.444053 521.132021 2387.976420 8143.621719 8.416553 0.030482 393.067885 2388.200824 100.013997 39.039961 23.459637
1 18 -0.001786 0.000181 100.000000 518.693922 642.149594 1590.966293 1396.202931 14.625617 21.603696 553.078835 2387.924373 9048.672470 1.278790 47.526114 521.426173 2387.937095 8144.084636 8.429714 0.029394 391.689983 2388.193030 99.984839 39.059390 23.370448
1 19 -0.000060 0.000363 100.000000 518.670736 642.235712 1591.714189 1400.705039 14.607891 21.617218 553.506444 2388.347162 9043.782726 1.300264 47.467196 521.340717 2388.059078 8130.377303 8.432050 0.030653 393.510473 2388.506915 99.996810 39.085109 23.401489
1 20 0.003684 -0.000219 100.000000 518.679715 641.592292 1583.355288 1392.295836 14.606182 21.620690 553.079492 2388.014508 9041.782436 1.306110 47.314706 521.755296 2387.861379 8135.175863 8.425227 0.030025 393.824690 2388.084081 99.987922 39.045173 23.371361
1 21 0.001250 0.000415 100.000000 518.667612 642.185402 1589.584511 1401.838831 14.621808 21.625282 553.302440 2387.992840 9042.450815 1.306861 47.395853 521.456106 2387.682678 8144.265935 8.410881 0.029223 393.478581 2387.796106 99.999205 39.097940 23.349072
1 22 0.002486 0.000750 100.000000 518.630568 641.613752 1593.664697 1396.124879 14.616114 21.611296 553.531555 2388.021349 9048.236105 1.292233 47.681854 521.197406 2388.133947 8136.541810 8.425463 0.029832 392.277536 2387.863244 100.007964 39.207123 23.410157
1 23 0.001265 0.000551 100.000000 518.688560 642.059839 1591.946772 1407.080036 14.620688 21.600261 553.323155 2387.691317 9047.810499 1.304134 47.677397 521.384383 2388.254628 8139.147312 8.414365 0.028589 391.490266 2387.795770 100.006337 39.079391 23.425516
1 24 -0.000053 0.000613 100.000000 518.691204 641.830665 1590.557052 1400.215857 14.603787 21.616752 553.664638 2388.070714 9045.454039 1.310909 47.144256 521.385243 2388.100657 8136.345715 8.438716 0.030971 392.218843 2388.054661 99.996120 39.057030 23.330590
1 25 0.002560 0.000608 100.000000 518.685963 641.726416 1597.692535 1412.900826 14.621881 21.600958 553.040071 2388.158710 9043.434929 1.299658 47.663297 520.872953 2388.476146 8147.083542 8.412629 0.028586 392.216578 2387.868771 99.997363 38.893505 23.383565
1 26 0.003406 -0.000035 100.000000 518.664539 641.635598 1593.434713 1401.993404 14.639407 21.612068 553.180346 2388.188054 9045.548860 1.286607 47.549292 521.265539 2388.111263 8141.177287 8.420097 0.030422 394.257697 2387.856440 100.017374 39.082576 23.355669
1 27 0.004654 0.000347 100.000000 518.697408 642.220399 1586.548216 1403.844098 14.614747 21.596582 552.752487 2388.101458 9051.111265 1.303907 47.462126 521.071445 2387.883628 8136.574197 8.415069 0.029797 392.517113 2387.901802 99.997679 39.043174 23.392776
1 28 0.000814 0.000353 100.000000 518.679443 641.610996 1590.523911 1404.743697 14.626412 21.594020 553.323753 2388.325284 9047.346947 1.299052 47.579569 521.378135 2388.218927 8139.762069 8.427125 0.029218 392.389562 2388.334624 99.997958 39.092515 23.367425
1 29 0.001374 0.000044 100.000000 518.688210 641.797757 1588.556657 1404.509697 14.621302 21.612976 553.586761 2388.004501 9050.534968 1.290902 47.704875 521.486738 2388.194304 8140.389392 8.417944 0.029673 393.081779 2388.083163 100.001237 38.999214 23.400055
1 30 -0.001584 -0.000025 100.000000 518.666906 641.575874 1593.895710 1407.860064 14.619466 21.600062 552.976389 2388.059775 9036.281331 1.301805 47.619665 521.196432 2387.991120 8140.409836 8.429506 0.031094 392.618397 2387.952048 99.995387 39.124556 23.467810
1 31 -0.000841 -0.000016 100.000000 518.652598 641.523916 1592.859382 1396.913379 14.607665 21.590240 552.916603 2388.206683 9041.923229 1.282504 47.550739 521.180649 2388.179438 8143.252799 8.426115 0.028702 392.496200 2388.193052 99.994170 38.997003 23.444131
1 32 -0.001030 0.000177 100.000000 518.670319 642.313618 1592.730859 1402.173870 14.626821 21.631470 553.660336 2388.230574 9042.948598 1.337521 47.348201 521.164459 2387.956022 8147.734459 8.430602 0.028573 392.907587 2388.205381 99.996815 39.016385 23.351748
1 33 -0.001074 0.000307 100.000000 518.659602 642.247805 1589.160158 1395.303066 14.612606 21.623489 553.064053 2388.567162 9051.097421 1.288356 47.406857 521.342012 2387.863471 8151.522893 8.416691 0.030681 394.120130 2388.077160 99.990041 39.094155 23.405111
1 34 0.001552 0.000317 100.000000 518.641996 642.082581 1590.059925 1393.163821 14.613024 21.595675 553.404056 2388.490833 9058.013768 1.294268 47.465891 521.468635 2388.314257 8137.606307 8.425374 0.032207 392.572548 2388.004936 100.001199 39.164376 23.334918
1 35 -0.000697 -0.000050 100.000000 518.664435 642.549231 1594.375167 1403.737284 14.610669 21.606886 553.535220 2387.992663 9056.052103 1.286264 47.496493 521.777829 2387.703432 8145.692066 8.408486 0.029910 392.527465 2388.269859 99.968455 38.966575 23.356699
1 36 -0.000126 0.000032 100.000000 518.665583 641.791457 1591.016181 1400.086169 14.622440 21.615814 553.641879 2387.976716 9047.290041 1.300477 47.499762 521.232403 2387.795564 8141.658774 8.418048 0.029043 391.131874 2388.340200 99.998594 39.213959 23.397615
1 37 -0.003607 -0.000025 100.000000 518.685159 641.904579 1589.018968 1403.543104 14.618230 21.599881 553.106156 2388.015301 9036.010052 1.305027 47.426294 521.632332 2387.880975 8131.952008 8.439276 0.028415 392.103826 2388.230467 99.996704 38.991562 23.392402
1 38 -0.000589 0.000685 100.000000 518.681773 642.862929 1587.422318 1404.451626 14.609333 21.621548 553.442551 2388.264808 9045.153340 1.292548 47.247548 521.746850 2388.215644 8138.595700 8.436935 0.030751 393.735264 2387.789293 99.992862 39.141635 23.399771
1 39 0.001714 -0.000003 100.000000 518.672544 642.663338 1594.505766 1409.032814 14.619808 21.617676 553.729197 2388.138328 9055.239892 1.291249 47.644515 521.498265 2387.966599 8145.440621 8.421048 0.029195 392.778808 2388.503398 100.003092 39.202863 23.344410
1 40 -0.000045 -0.000053 100.000000 518.658578 642.328910 1592.384808 1412.056482 14.617976 21.608021 553.563004 2387.990277 9041.601177 1.313013 47.622128 520.570442 2388.128906 8137.981065 8.445448 0.029271 392.219232 2387.937920 99.989459 39.073960 23.308204
